-8.299483656883239746e-01 -5.330298095941543579e-02 5.552877187728881836e-01 -2.245926558971405029e-01
-5.490599274635314941e-01 2.539723217487335205e-01 -7.962608337402343750e-01 8.490619063377380371e-01
-9.858465194702148438e-02 -9.657416343688964844e-01 -2.400504350662231445e-01 5.406070351600646973e-01
0.000000000000000000e+00 0.000000000000000000e+00 0.000000000000000000e+00 1.000000000000000000e+00
-9.727207422256469727e-01 3.388253599405288696e-02 2.294915318489074707e-01 1.670621633529663086e-01
-2.115782797336578369e-01 2.760867476463317871e-01 -9.375557303428649902e-01 1.020421862602233887e+00
-9.512632340192794800e-02 -9.605353474617004395e-01 -2.613864839076995850e-01 5.644083619117736816e-01
0.000000000000000000e+00 0.000000000000000000e+00 0.000000000000000000e+00 1.000000000000000000e+00
-9.669719934463500977e-01 1.519678682088851929e-01 -2.046242058277130127e-01 5.654443502426147461e-01
2.376763224601745605e-01 2.476438581943511963e-01 -9.392457604408264160e-01 1.077812910079956055e+00
-9.206123650074005127e-02 -9.568586349487304688e-01 -2.755838036537170410e-01 5.755501389503479004e-01
0.000000000000000000e+00 0.000000000000000000e+00 0.000000000000000000e+00 1.000000000000000000e+00
-9.936486482620239258e-01 5.755130201578140259e-02 9.669707715511322021e-02 3.144104480743408203e-01
-8.108886331319808960e-02 2.295875549316406250e-01 -9.699042439460754395e-01 9.925764799118041992e-01
-7.801967859268188477e-02 -9.715850353240966797e-01 -2.234625518321990967e-01 3.099039196968078613e-01
0.000000000000000000e+00 0.000000000000000000e+00 0.000000000000000000e+00 1.000000000000000000e+00
-7.997272014617919922e-01 -7.356110960245132446e-02 5.958399176597595215e-01 -2.532138228416442871e-01
-5.965973734855651855e-01 2.083668559789657593e-01 -7.750192880630493164e-01 8.937110900878906250e-01
-6.714199483394622803e-02 -9.752805829048156738e-01 -2.105229794979095459e-01 3.026843667030334473e-01
0.000000000000000000e+00 0.000000000000000000e+00 0.000000000000000000e+00 1.000000000000000000e+00
-5.439509749412536621e-01 -1.445436924695968628e-01 8.265739083290100098e-01 -5.165755152702331543e-01
-8.366848230361938477e-01 1.683740168809890747e-01 -5.211610198020935059e-01 6.758191585540771484e-01
-6.384301185607910156e-02 -9.750679135322570801e-01 -2.125246971845626831e-01 3.056458532810211182e-01
0.000000000000000000e+00 0.000000000000000000e+00 0.000000000000000000e+00 1.000000000000000000e+00
-2.219071537256240845e-01 -1.943873465061187744e-01 9.554950594902038574e-01 -6.962217092514038086e-01
-9.717493653297424316e-01 1.248657405376434326e-01 -2.002792060375213623e-01 3.853236734867095947e-01
-8.037684857845306396e-02 -9.729451537132263184e-01 -2.166043519973754883e-01 3.084279298782348633e-01
0.000000000000000000e+00 0.000000000000000000e+00 0.000000000000000000e+00 1.000000000000000000e+00
3.036288022994995117e-01 -2.353651672601699829e-01 9.232620596885681152e-01 -7.489223480224609375e-01
-9.490393996238708496e-01 1.119027379900217056e-02 3.149587810039520264e-01 -1.451918631792068481e-01
-8.446186780929565430e-02 -9.718426465988159180e-01 -2.199730873107910156e-01 3.147241771221160889e-01
0.000000000000000000e+00 0.000000000000000000e+00 0.000000000000000000e+00 1.000000000000000000e+00
7.413264513015747070e-01 -2.135273218154907227e-01 6.362714171409606934e-01 -4.517657160758972168e-01
-6.645550131797790527e-01 -1.010158434510231018e-01 7.403799295425415039e-01 -6.518913507461547852e-01
-9.381784498691558838e-02 -9.717006087303161621e-01 -2.167863398790359497e-01 3.140296638011932373e-01
0.000000000000000000e+00 0.000000000000000000e+00 0.000000000000000000e+00 1.000000000000000000e+00
9.355633258819580078e-01 -1.642383486032485962e-01 3.126453757286071777e-01 -1.398765295743942261e-01
-3.381868302822113037e-01 -1.616053730249404907e-01 9.270994067192077637e-01 -8.506931066513061523e-01
-1.017400994896888733e-01 -9.730927944183349609e-01 -2.067352682352066040e-01 3.047326505184173584e-01
0.000000000000000000e+00 0.000000000000000000e+00 0.000000000000000000e+00 1.000000000000000000e+00
9.852463006973266602e-01 -4.265027493238449097e-02 -1.657427847385406494e-01 4.066506624221801758e-01
1.538589447736740112e-01 -2.033720612525939941e-01 9.669370055198669434e-01 -9.404363632202148438e-01
-7.494756579399108887e-02 -9.781722426414489746e-01 -1.938094198703765869e-01 2.811861634254455566e-01
0.000000000000000000e+00 0.000000000000000000e+00 0.000000000000000000e+00 1.000000000000000000e+00
7.599194645881652832e-01 6.755455583333969116e-02 -6.464973092079162598e-01 9.422955513000488281e-01
6.443330049514770508e-01 -2.095300555229187012e-01 7.354809641838073730e-01 -7.211704254150390625e-01
-8.577552437782287598e-02 -9.754658341407775879e-01 -2.027535736560821533e-01 2.971391081809997559e-01
0.000000000000000000e+00 0.000000000000000000e+00 0.000000000000000000e+00 1.000000000000000000e+00
3.510077297687530518e-01 1.668669730424880981e-01 -9.213843345642089844e-01 1.239496350288391113e+00
9.339374899864196777e-01 -1.333071738481521606e-01 3.316473662853240967e-01 -2.859447896480560303e-01
-6.748613715171813965e-02 -9.769261479377746582e-01 -2.026351243257522583e-01 2.929776608943939209e-01
0.000000000000000000e+00 0.000000000000000000e+00 0.000000000000000000e+00 1.000000000000000000e+00
