-8.299483656883239746e-01 -5.330298095941543579e-02 5.552877187728881836e-01 -2.245926558971405029e-01
-5.490599274635314941e-01 2.539723217487335205e-01 -7.962608337402343750e-01 8.490619063377380371e-01
-9.858465194702148438e-02 -9.657416343688964844e-01 -2.400504350662231445e-01 5.406070351600646973e-01
0.000000000000000000e+00 0.000000000000000000e+00 0.000000000000000000e+00 1.000000000000000000e+00
-9.727438092231750488e-01 3.349901363253593445e-02 2.294499278068542480e-01 1.671741604804992676e-01
-2.116363793611526489e-01 2.761112451553344727e-01 -9.375354647636413574e-01 1.020383477210998535e+00
-9.476020187139511108e-02 -9.605417847633361816e-01 -2.614958882331848145e-01 5.646134614944458008e-01
0.000000000000000000e+00 0.000000000000000000e+00 0.000000000000000000e+00 1.000000000000000000e+00
-9.669061899185180664e-01 1.522306799888610840e-01 -2.047395408153533936e-01 5.654563903808593750e-01
2.378863096237182617e-01 2.478972673416137695e-01 -9.391256570816040039e-01 1.077539682388305664e+00
-9.220936894416809082e-02 -9.567512273788452148e-01 -2.759069800376892090e-01 5.757160782814025879e-01
0.000000000000000000e+00 0.000000000000000000e+00 0.000000000000000000e+00 1.000000000000000000e+00
-9.936192631721496582e-01 5.812823399901390076e-02 9.665377438068389893e-02 3.144330978393554688e-01
-8.098540455102920532e-02 2.287422120571136475e-01 -9.701125621795654297e-01 9.928076267242431641e-01
-7.849971204996109009e-02 -9.717500805854797363e-01 -2.225750833749771118e-01 3.090475797653198242e-01
0.000000000000000000e+00 0.000000000000000000e+00 0.000000000000000000e+00 1.000000000000000000e+00
-7.997556328773498535e-01 -7.328148931264877319e-02 5.958361625671386719e-01 -2.531939744949340820e-01
-5.965408086776733398e-01 2.082870155572891235e-01 -7.750843167304992676e-01 8.937862515449523926e-01
-6.730558723211288452e-02 -9.753186106681823730e-01 -2.102940827608108521e-01 3.024424016475677490e-01
0.000000000000000000e+00 0.000000000000000000e+00 0.000000000000000000e+00 1.000000000000000000e+00
-5.437453389167785645e-01 -1.439495980739593506e-01 8.268129229545593262e-01 -5.166895985603332520e-01
-8.368310928344726562e-01 1.677451878786087036e-01 -5.211289525032043457e-01 6.757121086120605469e-01
-6.367756426334381104e-02 -9.752641916275024414e-01 -2.116721272468566895e-01 3.046025335788726807e-01
0.000000000000000000e+00 0.000000000000000000e+00 0.000000000000000000e+00 1.000000000000000000e+00
-2.219872176647186279e-01 -1.948194503784179688e-01 9.553884267807006836e-01 -6.960458755493164062e-01
-9.716899991035461426e-01 1.254706084728240967e-01 -2.001893818378448486e-01 3.852418363094329834e-01
-8.087237924337387085e-02 -9.727808833122253418e-01 -2.171569466590881348e-01 3.091686367988586426e-01
0.000000000000000000e+00 0.000000000000000000e+00 0.000000000000000000e+00 1.000000000000000000e+00
3.037478625774383545e-01 -2.360074222087860107e-01 9.230588674545288086e-01 -7.485550642013549805e-01
-9.489760994911193848e-01 1.123091299086809158e-02 3.151478767395019531e-01 -1.453971117734909058e-01
-8.474402129650115967e-02 -9.716864228248596191e-01 -2.205540090799331665e-01 3.155311346054077148e-01
0.000000000000000000e+00 0.000000000000000000e+00 0.000000000000000000e+00 1.000000000000000000e+00
7.411521673202514648e-01 -2.138689011335372925e-01 6.363596916198730469e-01 -4.518643021583557129e-01
-6.647491455078125000e-01 -1.013232842087745667e-01 7.401636838912963867e-01 -6.515598297119140625e-01
-9.381993114948272705e-02 -9.715934395790100098e-01 -2.172650992870330811e-01 3.146570324897766113e-01
0.000000000000000000e+00 0.000000000000000000e+00 0.000000000000000000e+00 1.000000000000000000e+00
9.357895255088806152e-01 -1.639852970838546753e-01 3.121006488800048828e-01 -1.393578499555587769e-01
-3.376150131225585938e-01 -1.618087887763977051e-01 9.272723793983459473e-01 -8.511795997619628906e-01
-1.015583947300910950e-01 -9.731016159057617188e-01 -2.067828178405761719e-01 3.047552406787872314e-01
0.000000000000000000e+00 0.000000000000000000e+00 0.000000000000000000e+00 1.000000000000000000e+00
9.852128028869628906e-01 -4.224710166454315186e-02 -1.660449057817459106e-01 4.070506393909454346e-01
1.542817503213882446e-01 -2.027437835931777954e-01 9.670016169548034668e-01 -9.403818845748901367e-01
-7.451756298542022705e-02 -9.783201217651367188e-01 -1.932277828454971313e-01 2.803873121738433838e-01
0.000000000000000000e+00 0.000000000000000000e+00 0.000000000000000000e+00 1.000000000000000000e+00
7.598271965980529785e-01 6.729963421821594238e-02 -6.466323733329772949e-01 9.424441456794738770e-01
6.444646120071411133e-01 -2.089375406503677368e-01 7.355341911315917969e-01 -7.212333679199218750e-01
-8.560459315776824951e-02 -9.756106138229370117e-01 -2.021286338567733765e-01 2.965459525585174561e-01
0.000000000000000000e+00 0.000000000000000000e+00 0.000000000000000000e+00 1.000000000000000000e+00
3.514284789562225342e-01 1.665079891681671143e-01 -9.212887883186340332e-01 1.239092111587524414e+00
9.337584376335144043e-01 -1.335752457380294800e-01 3.320434689521789551e-01 -2.860411703586578369e-01
-6.777347624301910400e-02 -9.769508242607116699e-01 -2.024203538894653320e-01 2.928276062011718750e-01
0.000000000000000000e+00 0.000000000000000000e+00 0.000000000000000000e+00 1.000000000000000000e+00
